         0          1   0.296598   0.457502
      0.01   0.969506   0.550133   0.701953
      0.02   0.927269   0.628436   0.749151
      0.03   0.857006   0.724211   0.785032
      0.04   0.713018   0.870805   0.784051
      0.05   0.583678   0.906549   0.710137
      0.06   0.445462   0.924961   0.601325
      0.07   0.367954   0.915961   0.525006
      0.08   0.306011   0.897908   0.456459
      0.09    0.26879   0.879188    0.41171
       0.1    0.18551       0.83   0.303243
      0.11   0.131847   0.761044   0.224756
      0.12   0.106847   0.714628     0.1859
      0.13  0.0651672   0.589655   0.117364
      0.14  0.0440685   0.491453  0.0808841
      0.15  0.0148089    0.11194  0.0261574
      0.16 0.00195064  0.0325203 0.00368051
      0.17 0.00195064  0.0325203 0.00368051
      0.18 0.00163217  0.0247934 0.00306271
      0.19 0.00163217  0.0168067 0.00297538
       0.2 0.00163217 0.00847458 0.00273717
      0.21          0          0          0
      0.22          0          0          0
      0.23          0          0          0
      0.24          0          0          0
      0.25          0          0          0
      0.26          0          0          0
      0.27          0          0          0
      0.28          0          0          0
      0.29          0          0          0
       0.3          0          0          0
      0.31          0          0          0
      0.32          0          0          0
      0.33          0          0          0
      0.34          0          0          0
      0.35          0          0          0
      0.36          0          0          0
      0.37          0          0          0
      0.38          0          0          0
      0.39          0          0          0
       0.4          0          0          0
      0.41          0          0          0
      0.42          0          0          0
      0.43          0          0          0
      0.44          0          0          0
      0.45          0          0          0
      0.46          0          0          0
      0.47          0          0          0
      0.48          0          0          0
      0.49          0          0          0
       0.5          0          0          0
      0.51          0          0          0
      0.52          0          0          0
      0.53          0          0          0
      0.54          0          0          0
      0.55          0          0          0
      0.56          0          0          0
      0.57          0          0          0
      0.58          0          0          0
      0.59          0          0          0
       0.6          0          0          0
      0.61          0          0          0
      0.62          0          0          0
      0.63          0          0          0
      0.64          0          0          0
      0.65          0          0          0
      0.66          0          0          0
      0.67          0          0          0
      0.68          0          0          0
      0.69          0          0          0
       0.7          0          0          0
      0.71          0          0          0
      0.72          0          0          0
      0.73          0          0          0
      0.74          0          0          0
      0.75          0          0          0
      0.76          0          0          0
      0.77          0          0          0
      0.78          0          0          0
      0.79          0          0          0
       0.8          0          0          0
      0.81          0          0          0
      0.82          0          0          0
      0.83          0          0          0
      0.84          0          0          0
      0.85          0          0          0
      0.86          0          0          0
      0.87          0          0          0
      0.88          0          0          0
      0.89          0          0          0
       0.9          0          0          0
      0.91          0          0          0
      0.92          0          0          0
      0.93          0          0          0
      0.94          0          0          0
      0.95          0          0          0
      0.96          0          0          0
      0.97          0          0          0
      0.98          0          0          0
      0.99          0          0          0
