         0          1   0.223995   0.366006
      0.01   0.950409   0.272379   0.423412
      0.02   0.921455   0.273512   0.421817
      0.03   0.885987   0.287072   0.433639
      0.04   0.809441   0.340755   0.479607
      0.05   0.682853   0.374964   0.484102
      0.06   0.481009   0.437651   0.458307
      0.07   0.373057   0.477718    0.41895
      0.08   0.267944   0.513657   0.352178
      0.09   0.203714   0.535637    0.29517
       0.1    0.13826   0.547421   0.220763
      0.11   0.107242   0.583744   0.181196
      0.12  0.0811891   0.558528    0.14177
      0.13  0.0344361   0.451807  0.0639946
      0.14  0.0233443   0.364407  0.0438777
      0.15 0.00715806   0.196078  0.0138119
      0.16          0          0          0
      0.17          0          0          0
      0.18          0          0          0
      0.19          0          0          0
       0.2          0          0          0
      0.21          0          0          0
      0.22          0          0          0
      0.23          0          0          0
      0.24          0          0          0
      0.25          0          0          0
      0.26          0          0          0
      0.27          0          0          0
      0.28          0          0          0
      0.29          0          0          0
       0.3          0          0          0
      0.31          0          0          0
      0.32          0          0          0
      0.33          0          0          0
      0.34          0          0          0
      0.35          0          0          0
      0.36          0          0          0
      0.37          0          0          0
      0.38          0          0          0
      0.39          0          0          0
       0.4          0          0          0
      0.41          0          0          0
      0.42          0          0          0
      0.43          0          0          0
      0.44          0          0          0
      0.45          0          0          0
      0.46          0          0          0
      0.47          0          0          0
      0.48          0          0          0
      0.49          0          0          0
       0.5          0          0          0
      0.51          0          0          0
      0.52          0          0          0
      0.53          0          0          0
      0.54          0          0          0
      0.55          0          0          0
      0.56          0          0          0
      0.57          0          0          0
      0.58          0          0          0
      0.59          0          0          0
       0.6          0          0          0
      0.61          0          0          0
      0.62          0          0          0
      0.63          0          0          0
      0.64          0          0          0
      0.65          0          0          0
      0.66          0          0          0
      0.67          0          0          0
      0.68          0          0          0
      0.69          0          0          0
       0.7          0          0          0
      0.71          0          0          0
      0.72          0          0          0
      0.73          0          0          0
      0.74          0          0          0
      0.75          0          0          0
      0.76          0          0          0
      0.77          0          0          0
      0.78          0          0          0
      0.79          0          0          0
       0.8          0          0          0
      0.81          0          0          0
      0.82          0          0          0
      0.83          0          0          0
      0.84          0          0          0
      0.85          0          0          0
      0.86          0          0          0
      0.87          0          0          0
      0.88          0          0          0
      0.89          0          0          0
       0.9          0          0          0
      0.91          0          0          0
      0.92          0          0          0
      0.93          0          0          0
      0.94          0          0          0
      0.95          0          0          0
      0.96          0          0          0
      0.97          0          0          0
      0.98          0          0          0
      0.99          0          0          0
