         0          1   0.150167   0.261123
      0.01   0.854635   0.170793   0.284692
      0.02   0.759655   0.190969   0.305211
      0.03   0.667141     0.2084   0.317591
      0.04   0.491887   0.227953   0.311534
      0.05   0.397476    0.22777   0.289592
      0.06   0.299174    0.22311   0.255604
      0.07   0.243477   0.222651   0.232598
      0.08    0.17013   0.221182   0.192326
      0.09   0.136351   0.210674   0.165553
       0.1  0.0908056   0.179856   0.120682
      0.11  0.0473479   0.153684  0.0723927
      0.12  0.0389031   0.166667  0.0630818
      0.13  0.0277066    0.21875  0.0491837
      0.14   0.019072   0.157895  0.0340332
      0.15          0          0          0
      0.16          0          0          0
      0.17          0          0          0
      0.18          0          0          0
      0.19          0          0          0
       0.2          0          0          0
      0.21          0          0          0
      0.22          0          0          0
      0.23          0          0          0
      0.24          0          0          0
      0.25          0          0          0
      0.26          0          0          0
      0.27          0          0          0
      0.28          0          0          0
      0.29          0          0          0
       0.3          0          0          0
      0.31          0          0          0
      0.32          0          0          0
      0.33          0          0          0
      0.34          0          0          0
      0.35          0          0          0
      0.36          0          0          0
      0.37          0          0          0
      0.38          0          0          0
      0.39          0          0          0
       0.4          0          0          0
      0.41          0          0          0
      0.42          0          0          0
      0.43          0          0          0
      0.44          0          0          0
      0.45          0          0          0
      0.46          0          0          0
      0.47          0          0          0
      0.48          0          0          0
      0.49          0          0          0
       0.5          0          0          0
      0.51          0          0          0
      0.52          0          0          0
      0.53          0          0          0
      0.54          0          0          0
      0.55          0          0          0
      0.56          0          0          0
      0.57          0          0          0
      0.58          0          0          0
      0.59          0          0          0
       0.6          0          0          0
      0.61          0          0          0
      0.62          0          0          0
      0.63          0          0          0
      0.64          0          0          0
      0.65          0          0          0
      0.66          0          0          0
      0.67          0          0          0
      0.68          0          0          0
      0.69          0          0          0
       0.7          0          0          0
      0.71          0          0          0
      0.72          0          0          0
      0.73          0          0          0
      0.74          0          0          0
      0.75          0          0          0
      0.76          0          0          0
      0.77          0          0          0
      0.78          0          0          0
      0.79          0          0          0
       0.8          0          0          0
      0.81          0          0          0
      0.82          0          0          0
      0.83          0          0          0
      0.84          0          0          0
      0.85          0          0          0
      0.86          0          0          0
      0.87          0          0          0
      0.88          0          0          0
      0.89          0          0          0
       0.9          0          0          0
      0.91          0          0          0
      0.92          0          0          0
      0.93          0          0          0
      0.94          0          0          0
      0.95          0          0          0
      0.96          0          0          0
      0.97          0          0          0
      0.98          0          0          0
      0.99          0          0          0
