         0          1   0.235879   0.381719
      0.01   0.944111   0.408848   0.570598
      0.02   0.797216   0.531839   0.638033
      0.03    0.66417   0.644407   0.654139
      0.04   0.483078   0.794652   0.600876
      0.05   0.403165   0.849334   0.546782
      0.06   0.270967   0.921769   0.418817
      0.07    0.18088   0.910828   0.301822
      0.08   0.129301   0.890274   0.225807
      0.09   0.100473    0.88172   0.180391
       0.1  0.0635908   0.812081   0.117946
      0.11  0.0394969   0.851351  0.0754916
      0.12   0.020561   0.705882  0.0399581
      0.13 0.00346216   0.333333 0.00685315
      0.14 0.00303823       0.25 0.00600349
      0.15          0          0          0
      0.16          0          0          0
      0.17          0          0          0
      0.18          0          0          0
      0.19          0          0          0
       0.2          0          0          0
      0.21          0          0          0
      0.22          0          0          0
      0.23          0          0          0
      0.24          0          0          0
      0.25          0          0          0
      0.26          0          0          0
      0.27          0          0          0
      0.28          0          0          0
      0.29          0          0          0
       0.3          0          0          0
      0.31          0          0          0
      0.32          0          0          0
      0.33          0          0          0
      0.34          0          0          0
      0.35          0          0          0
      0.36          0          0          0
      0.37          0          0          0
      0.38          0          0          0
      0.39          0          0          0
       0.4          0          0          0
      0.41          0          0          0
      0.42          0          0          0
      0.43          0          0          0
      0.44          0          0          0
      0.45          0          0          0
      0.46          0          0          0
      0.47          0          0          0
      0.48          0          0          0
      0.49          0          0          0
       0.5          0          0          0
      0.51          0          0          0
      0.52          0          0          0
      0.53          0          0          0
      0.54          0          0          0
      0.55          0          0          0
      0.56          0          0          0
      0.57          0          0          0
      0.58          0          0          0
      0.59          0          0          0
       0.6          0          0          0
      0.61          0          0          0
      0.62          0          0          0
      0.63          0          0          0
      0.64          0          0          0
      0.65          0          0          0
      0.66          0          0          0
      0.67          0          0          0
      0.68          0          0          0
      0.69          0          0          0
       0.7          0          0          0
      0.71          0          0          0
      0.72          0          0          0
      0.73          0          0          0
      0.74          0          0          0
      0.75          0          0          0
      0.76          0          0          0
      0.77          0          0          0
      0.78          0          0          0
      0.79          0          0          0
       0.8          0          0          0
      0.81          0          0          0
      0.82          0          0          0
      0.83          0          0          0
      0.84          0          0          0
      0.85          0          0          0
      0.86          0          0          0
      0.87          0          0          0
      0.88          0          0          0
      0.89          0          0          0
       0.9          0          0          0
      0.91          0          0          0
      0.92          0          0          0
      0.93          0          0          0
      0.94          0          0          0
      0.95          0          0          0
      0.96          0          0          0
      0.97          0          0          0
      0.98          0          0          0
      0.99          0          0          0
