         0          1   0.265439    0.41952
      0.01   0.893806   0.337643   0.490134
      0.02   0.848596   0.362081   0.507585
      0.03   0.778306   0.390437    0.52001
      0.04   0.659411    0.43455   0.523871
      0.05   0.548584   0.458102   0.499277
      0.06   0.441152   0.501332    0.46932
      0.07   0.368305   0.526718   0.433493
      0.08   0.271736   0.551243   0.364025
      0.09   0.207197    0.55861   0.302275
       0.1   0.153081   0.546988   0.239215
      0.11  0.0833899    0.56057   0.145183
      0.12  0.0680139   0.589831   0.121964
      0.13  0.0412157   0.652778  0.0775359
      0.14  0.0201286       0.56  0.0388604
      0.15 0.00658972   0.441176  0.0129855
      0.16 0.00567115       0.52  0.0112199
      0.17 0.00483246   0.916667 0.00961424
      0.18 0.00447302          1 0.00890621
      0.19 0.00271576          1 0.00541682
       0.2 0.00199688          1 0.00398581
      0.21 0.000758816          1 0.00151648
      0.22          0          0          0
      0.23          0          0          0
      0.24          0          0          0
      0.25          0          0          0
      0.26          0          0          0
      0.27          0          0          0
      0.28          0          0          0
      0.29          0          0          0
       0.3          0          0          0
      0.31          0          0          0
      0.32          0          0          0
      0.33          0          0          0
      0.34          0          0          0
      0.35          0          0          0
      0.36          0          0          0
      0.37          0          0          0
      0.38          0          0          0
      0.39          0          0          0
       0.4          0          0          0
      0.41          0          0          0
      0.42          0          0          0
      0.43          0          0          0
      0.44          0          0          0
      0.45          0          0          0
      0.46          0          0          0
      0.47          0          0          0
      0.48          0          0          0
      0.49          0          0          0
       0.5          0          0          0
      0.51          0          0          0
      0.52          0          0          0
      0.53          0          0          0
      0.54          0          0          0
      0.55          0          0          0
      0.56          0          0          0
      0.57          0          0          0
      0.58          0          0          0
      0.59          0          0          0
       0.6          0          0          0
      0.61          0          0          0
      0.62          0          0          0
      0.63          0          0          0
      0.64          0          0          0
      0.65          0          0          0
      0.66          0          0          0
      0.67          0          0          0
      0.68          0          0          0
      0.69          0          0          0
       0.7          0          0          0
      0.71          0          0          0
      0.72          0          0          0
      0.73          0          0          0
      0.74          0          0          0
      0.75          0          0          0
      0.76          0          0          0
      0.77          0          0          0
      0.78          0          0          0
      0.79          0          0          0
       0.8          0          0          0
      0.81          0          0          0
      0.82          0          0          0
      0.83          0          0          0
      0.84          0          0          0
      0.85          0          0          0
      0.86          0          0          0
      0.87          0          0          0
      0.88          0          0          0
      0.89          0          0          0
       0.9          0          0          0
      0.91          0          0          0
      0.92          0          0          0
      0.93          0          0          0
      0.94          0          0          0
      0.95          0          0          0
      0.96          0          0          0
      0.97          0          0          0
      0.98          0          0          0
      0.99          0          0          0
