         0          1   0.382258   0.553092
      0.01   0.884498   0.532198   0.664544
      0.02   0.843015   0.526918   0.648499
      0.03    0.78045   0.529784   0.631139
      0.04   0.699524   0.548505   0.614878
      0.05   0.643151   0.566057   0.602146
      0.06   0.555997   0.599971   0.577148
      0.07   0.519417   0.631687   0.570077
      0.08   0.457067   0.677441   0.545851
      0.09     0.4163   0.702368   0.522757
       0.1   0.332868   0.730784   0.457395
      0.11   0.262107   0.776945   0.391978
      0.12   0.223201   0.819018     0.3508
      0.13    0.16085    0.86125   0.271074
      0.14   0.116003   0.894161   0.205363
      0.15   0.060131   0.876254   0.112539
      0.16  0.0359712   0.837321  0.0689791
      0.17  0.0231934   0.798561  0.0450775
      0.18  0.0138874   0.765432  0.0272799
      0.19 0.00103798   0.567568 0.00207216
       0.2 0.00100218      0.625 0.00200116
      0.21 0.000823222        0.7 0.00164451
      0.22 0.000357923        0.6 0.000715418
      0.23          0          0          0
      0.24          0          0          0
      0.25          0          0          0
      0.26          0          0          0
      0.27          0          0          0
      0.28          0          0          0
      0.29          0          0          0
       0.3          0          0          0
      0.31          0          0          0
      0.32          0          0          0
      0.33          0          0          0
      0.34          0          0          0
      0.35          0          0          0
      0.36          0          0          0
      0.37          0          0          0
      0.38          0          0          0
      0.39          0          0          0
       0.4          0          0          0
      0.41          0          0          0
      0.42          0          0          0
      0.43          0          0          0
      0.44          0          0          0
      0.45          0          0          0
      0.46          0          0          0
      0.47          0          0          0
      0.48          0          0          0
      0.49          0          0          0
       0.5          0          0          0
      0.51          0          0          0
      0.52          0          0          0
      0.53          0          0          0
      0.54          0          0          0
      0.55          0          0          0
      0.56          0          0          0
      0.57          0          0          0
      0.58          0          0          0
      0.59          0          0          0
       0.6          0          0          0
      0.61          0          0          0
      0.62          0          0          0
      0.63          0          0          0
      0.64          0          0          0
      0.65          0          0          0
      0.66          0          0          0
      0.67          0          0          0
      0.68          0          0          0
      0.69          0          0          0
       0.7          0          0          0
      0.71          0          0          0
      0.72          0          0          0
      0.73          0          0          0
      0.74          0          0          0
      0.75          0          0          0
      0.76          0          0          0
      0.77          0          0          0
      0.78          0          0          0
      0.79          0          0          0
       0.8          0          0          0
      0.81          0          0          0
      0.82          0          0          0
      0.83          0          0          0
      0.84          0          0          0
      0.85          0          0          0
      0.86          0          0          0
      0.87          0          0          0
      0.88          0          0          0
      0.89          0          0          0
       0.9          0          0          0
      0.91          0          0          0
      0.92          0          0          0
      0.93          0          0          0
      0.94          0          0          0
      0.95          0          0          0
      0.96          0          0          0
      0.97          0          0          0
      0.98          0          0          0
      0.99          0          0          0
