         0          1   0.310743   0.474148
      0.01   0.949304   0.352246   0.513831
      0.02   0.940841   0.396086   0.557479
      0.03   0.915814   0.472549   0.623421
      0.04   0.847712   0.633754   0.725283
      0.05   0.766574   0.722256   0.743756
      0.06   0.631613   0.794643    0.70381
      0.07   0.552962   0.817432   0.659677
      0.08    0.42923   0.845929   0.569495
      0.09   0.349657   0.847276   0.495025
       0.1   0.230498   0.823674   0.360198
      0.11   0.144547   0.769076   0.243356
      0.12  0.0922472   0.711864   0.163329
      0.13  0.0500943   0.597285  0.0924359
      0.14  0.0300405   0.517857  0.0567869
      0.15  0.0154815   0.418803  0.0298592
      0.16 0.00814182   0.297872  0.0158504
      0.17 0.00172462   0.162162 0.00341295
      0.18 0.00168451   0.211538 0.00334241
      0.19          0          0          0
       0.2          0          0          0
      0.21          0          0          0
      0.22          0          0          0
      0.23          0          0          0
      0.24          0          0          0
      0.25          0          0          0
      0.26          0          0          0
      0.27          0          0          0
      0.28          0          0          0
      0.29          0          0          0
       0.3          0          0          0
      0.31          0          0          0
      0.32          0          0          0
      0.33          0          0          0
      0.34          0          0          0
      0.35          0          0          0
      0.36          0          0          0
      0.37          0          0          0
      0.38          0          0          0
      0.39          0          0          0
       0.4          0          0          0
      0.41          0          0          0
      0.42          0          0          0
      0.43          0          0          0
      0.44          0          0          0
      0.45          0          0          0
      0.46          0          0          0
      0.47          0          0          0
      0.48          0          0          0
      0.49          0          0          0
       0.5          0          0          0
      0.51          0          0          0
      0.52          0          0          0
      0.53          0          0          0
      0.54          0          0          0
      0.55          0          0          0
      0.56          0          0          0
      0.57          0          0          0
      0.58          0          0          0
      0.59          0          0          0
       0.6          0          0          0
      0.61          0          0          0
      0.62          0          0          0
      0.63          0          0          0
      0.64          0          0          0
      0.65          0          0          0
      0.66          0          0          0
      0.67          0          0          0
      0.68          0          0          0
      0.69          0          0          0
       0.7          0          0          0
      0.71          0          0          0
      0.72          0          0          0
      0.73          0          0          0
      0.74          0          0          0
      0.75          0          0          0
      0.76          0          0          0
      0.77          0          0          0
      0.78          0          0          0
      0.79          0          0          0
       0.8          0          0          0
      0.81          0          0          0
      0.82          0          0          0
      0.83          0          0          0
      0.84          0          0          0
      0.85          0          0          0
      0.86          0          0          0
      0.87          0          0          0
      0.88          0          0          0
      0.89          0          0          0
       0.9          0          0          0
      0.91          0          0          0
      0.92          0          0          0
      0.93          0          0          0
      0.94          0          0          0
      0.95          0          0          0
      0.96          0          0          0
      0.97          0          0          0
      0.98          0          0          0
      0.99          0          0          0
