         0          1   0.364376   0.534128
      0.01   0.951774   0.411429   0.574511
      0.02   0.847397    0.45521   0.592264
      0.03   0.731365   0.510439    0.60125
      0.04    0.57265   0.603644   0.587738
      0.05   0.442631   0.662991   0.530852
      0.06   0.331935   0.754652   0.461068
      0.07   0.266356   0.790722   0.398482
      0.08   0.170785   0.798918   0.281412
      0.09   0.136804   0.815348   0.234296
       0.1  0.0931365   0.827038   0.167419
      0.11  0.0667703   0.821752   0.123505
      0.12  0.0511785   0.839827  0.0964776
      0.13  0.0291634      0.825  0.0563354
      0.14  0.0211862   0.844444  0.0413354
      0.15  0.0139342    0.79661  0.0273893
      0.16  0.0114478   0.822222  0.0225812
      0.17  0.0030044        0.5 0.00597292
      0.18  0.0023828        0.5   0.004743
      0.19          0          0          0
       0.2          0          0          0
      0.21          0          0          0
      0.22          0          0          0
      0.23          0          0          0
      0.24          0          0          0
      0.25          0          0          0
      0.26          0          0          0
      0.27          0          0          0
      0.28          0          0          0
      0.29          0          0          0
       0.3          0          0          0
      0.31          0          0          0
      0.32          0          0          0
      0.33          0          0          0
      0.34          0          0          0
      0.35          0          0          0
      0.36          0          0          0
      0.37          0          0          0
      0.38          0          0          0
      0.39          0          0          0
       0.4          0          0          0
      0.41          0          0          0
      0.42          0          0          0
      0.43          0          0          0
      0.44          0          0          0
      0.45          0          0          0
      0.46          0          0          0
      0.47          0          0          0
      0.48          0          0          0
      0.49          0          0          0
       0.5          0          0          0
      0.51          0          0          0
      0.52          0          0          0
      0.53          0          0          0
      0.54          0          0          0
      0.55          0          0          0
      0.56          0          0          0
      0.57          0          0          0
      0.58          0          0          0
      0.59          0          0          0
       0.6          0          0          0
      0.61          0          0          0
      0.62          0          0          0
      0.63          0          0          0
      0.64          0          0          0
      0.65          0          0          0
      0.66          0          0          0
      0.67          0          0          0
      0.68          0          0          0
      0.69          0          0          0
       0.7          0          0          0
      0.71          0          0          0
      0.72          0          0          0
      0.73          0          0          0
      0.74          0          0          0
      0.75          0          0          0
      0.76          0          0          0
      0.77          0          0          0
      0.78          0          0          0
      0.79          0          0          0
       0.8          0          0          0
      0.81          0          0          0
      0.82          0          0          0
      0.83          0          0          0
      0.84          0          0          0
      0.85          0          0          0
      0.86          0          0          0
      0.87          0          0          0
      0.88          0          0          0
      0.89          0          0          0
       0.9          0          0          0
      0.91          0          0          0
      0.92          0          0          0
      0.93          0          0          0
      0.94          0          0          0
      0.95          0          0          0
      0.96          0          0          0
      0.97          0          0          0
      0.98          0          0          0
      0.99          0          0          0
