         0          1   0.289124   0.448559
      0.01   0.970326   0.403068   0.569548
      0.02   0.950398   0.519915   0.672138
      0.03   0.899147   0.581206   0.706033
      0.04    0.78302   0.671795   0.723156
      0.05   0.712956   0.737119   0.724836
      0.06   0.541214   0.800313   0.645743
      0.07    0.47115   0.827276   0.600375
      0.08   0.377812   0.850663   0.523235
      0.09   0.324234   0.890146    0.47533
       0.1   0.201319   0.919478   0.330315
      0.11  0.0959562   0.885106   0.173142
      0.12  0.0690943   0.872727   0.128051
      0.13  0.0519298   0.875676  0.0980452
      0.14  0.0376261    0.82963  0.0719873
      0.15  0.0204616   0.640625  0.0396566
      0.16 0.00766098   0.473684  0.0150781
      0.17 0.00305469   0.368421 0.00605915
      0.18 0.00247285       0.25 0.00489725
      0.19 0.00242436        0.3 0.00480985
       0.2 0.000290923   0.333333 0.000581339
      0.21          0          0          0
      0.22          0          0          0
      0.23          0          0          0
      0.24          0          0          0
      0.25          0          0          0
      0.26          0          0          0
      0.27          0          0          0
      0.28          0          0          0
      0.29          0          0          0
       0.3          0          0          0
      0.31          0          0          0
      0.32          0          0          0
      0.33          0          0          0
      0.34          0          0          0
      0.35          0          0          0
      0.36          0          0          0
      0.37          0          0          0
      0.38          0          0          0
      0.39          0          0          0
       0.4          0          0          0
      0.41          0          0          0
      0.42          0          0          0
      0.43          0          0          0
      0.44          0          0          0
      0.45          0          0          0
      0.46          0          0          0
      0.47          0          0          0
      0.48          0          0          0
      0.49          0          0          0
       0.5          0          0          0
      0.51          0          0          0
      0.52          0          0          0
      0.53          0          0          0
      0.54          0          0          0
      0.55          0          0          0
      0.56          0          0          0
      0.57          0          0          0
      0.58          0          0          0
      0.59          0          0          0
       0.6          0          0          0
      0.61          0          0          0
      0.62          0          0          0
      0.63          0          0          0
      0.64          0          0          0
      0.65          0          0          0
      0.66          0          0          0
      0.67          0          0          0
      0.68          0          0          0
      0.69          0          0          0
       0.7          0          0          0
      0.71          0          0          0
      0.72          0          0          0
      0.73          0          0          0
      0.74          0          0          0
      0.75          0          0          0
      0.76          0          0          0
      0.77          0          0          0
      0.78          0          0          0
      0.79          0          0          0
       0.8          0          0          0
      0.81          0          0          0
      0.82          0          0          0
      0.83          0          0          0
      0.84          0          0          0
      0.85          0          0          0
      0.86          0          0          0
      0.87          0          0          0
      0.88          0          0          0
      0.89          0          0          0
       0.9          0          0          0
      0.91          0          0          0
      0.92          0          0          0
      0.93          0          0          0
      0.94          0          0          0
      0.95          0          0          0
      0.96          0          0          0
      0.97          0          0          0
      0.98          0          0          0
      0.99          0          0          0
