         0          1   0.354609   0.523559
      0.01   0.953069   0.399675   0.563178
      0.02   0.934393   0.419513   0.579051
      0.03    0.90155   0.451035   0.601264
      0.04   0.829905   0.520703    0.63991
      0.05   0.752707   0.580244   0.655318
      0.06   0.646448   0.654362   0.650381
      0.07    0.58064   0.703033   0.636002
      0.08   0.494063   0.753905   0.596933
      0.09   0.441095    0.78614   0.565112
       0.1   0.355363   0.820128   0.495867
      0.11   0.262548    0.83441   0.399418
      0.12    0.19187   0.818925   0.310898
      0.13  0.0825116   0.700767   0.147639
      0.14  0.0453612   0.617512  0.0845142
      0.15   0.022741   0.508621  0.0435355
      0.16  0.0163011   0.479167  0.0315295
      0.17  0.0114711   0.592593  0.0225066
      0.18 0.00672167   0.641026  0.0133038
      0.19 0.00426645   0.818182 0.00848864
       0.2 0.00289797   0.846154 0.00577615
      0.21 0.00169048          1 0.00337526
      0.22          0          0          0
      0.23          0          0          0
      0.24          0          0          0
      0.25          0          0          0
      0.26          0          0          0
      0.27          0          0          0
      0.28          0          0          0
      0.29          0          0          0
       0.3          0          0          0
      0.31          0          0          0
      0.32          0          0          0
      0.33          0          0          0
      0.34          0          0          0
      0.35          0          0          0
      0.36          0          0          0
      0.37          0          0          0
      0.38          0          0          0
      0.39          0          0          0
       0.4          0          0          0
      0.41          0          0          0
      0.42          0          0          0
      0.43          0          0          0
      0.44          0          0          0
      0.45          0          0          0
      0.46          0          0          0
      0.47          0          0          0
      0.48          0          0          0
      0.49          0          0          0
       0.5          0          0          0
      0.51          0          0          0
      0.52          0          0          0
      0.53          0          0          0
      0.54          0          0          0
      0.55          0          0          0
      0.56          0          0          0
      0.57          0          0          0
      0.58          0          0          0
      0.59          0          0          0
       0.6          0          0          0
      0.61          0          0          0
      0.62          0          0          0
      0.63          0          0          0
      0.64          0          0          0
      0.65          0          0          0
      0.66          0          0          0
      0.67          0          0          0
      0.68          0          0          0
      0.69          0          0          0
       0.7          0          0          0
      0.71          0          0          0
      0.72          0          0          0
      0.73          0          0          0
      0.74          0          0          0
      0.75          0          0          0
      0.76          0          0          0
      0.77          0          0          0
      0.78          0          0          0
      0.79          0          0          0
       0.8          0          0          0
      0.81          0          0          0
      0.82          0          0          0
      0.83          0          0          0
      0.84          0          0          0
      0.85          0          0          0
      0.86          0          0          0
      0.87          0          0          0
      0.88          0          0          0
      0.89          0          0          0
       0.9          0          0          0
      0.91          0          0          0
      0.92          0          0          0
      0.93          0          0          0
      0.94          0          0          0
      0.95          0          0          0
      0.96          0          0          0
      0.97          0          0          0
      0.98          0          0          0
      0.99          0          0          0
