         0          1   0.273534   0.429567
      0.01   0.977828   0.372323     0.5393
      0.02   0.968195   0.401314    0.56743
      0.03   0.950719   0.415207   0.577989
      0.04   0.855981   0.436437   0.578113
      0.05   0.774072   0.452412   0.571063
      0.06   0.606816   0.481834   0.537151
      0.07    0.50564   0.519249   0.512354
      0.08   0.430895   0.581551   0.495014
      0.09   0.392748   0.611089   0.478174
       0.1   0.312533   0.683938   0.429021
      0.11   0.292104   0.801493   0.428164
      0.12   0.266205   0.856886   0.406214
      0.13   0.232996   0.919134   0.371754
      0.14   0.216295   0.970588   0.353755
      0.15   0.181537   0.983784   0.306513
      0.16   0.124607   0.985465   0.221239
      0.17   0.056591   0.986667   0.107042
      0.18  0.0323861          1  0.0627403
      0.19  0.0117636          1  0.0232536
       0.2          0          0          0
      0.21          0          0          0
      0.22          0          0          0
      0.23          0          0          0
      0.24          0          0          0
      0.25          0          0          0
      0.26          0          0          0
      0.27          0          0          0
      0.28          0          0          0
      0.29          0          0          0
       0.3          0          0          0
      0.31          0          0          0
      0.32          0          0          0
      0.33          0          0          0
      0.34          0          0          0
      0.35          0          0          0
      0.36          0          0          0
      0.37          0          0          0
      0.38          0          0          0
      0.39          0          0          0
       0.4          0          0          0
      0.41          0          0          0
      0.42          0          0          0
      0.43          0          0          0
      0.44          0          0          0
      0.45          0          0          0
      0.46          0          0          0
      0.47          0          0          0
      0.48          0          0          0
      0.49          0          0          0
       0.5          0          0          0
      0.51          0          0          0
      0.52          0          0          0
      0.53          0          0          0
      0.54          0          0          0
      0.55          0          0          0
      0.56          0          0          0
      0.57          0          0          0
      0.58          0          0          0
      0.59          0          0          0
       0.6          0          0          0
      0.61          0          0          0
      0.62          0          0          0
      0.63          0          0          0
      0.64          0          0          0
      0.65          0          0          0
      0.66          0          0          0
      0.67          0          0          0
      0.68          0          0          0
      0.69          0          0          0
       0.7          0          0          0
      0.71          0          0          0
      0.72          0          0          0
      0.73          0          0          0
      0.74          0          0          0
      0.75          0          0          0
      0.76          0          0          0
      0.77          0          0          0
      0.78          0          0          0
      0.79          0          0          0
       0.8          0          0          0
      0.81          0          0          0
      0.82          0          0          0
      0.83          0          0          0
      0.84          0          0          0
      0.85          0          0          0
      0.86          0          0          0
      0.87          0          0          0
      0.88          0          0          0
      0.89          0          0          0
       0.9          0          0          0
      0.91          0          0          0
      0.92          0          0          0
      0.93          0          0          0
      0.94          0          0          0
      0.95          0          0          0
      0.96          0          0          0
      0.97          0          0          0
      0.98          0          0          0
      0.99          0          0          0
