    119082  0.0384848    0.82839   0.712905   0.766321
     58060          0          1   0.374026   0.544424
     42049       0.04   0.925408   0.944503   0.934858
     24077       0.01   0.884498   0.532198   0.664544
     78004  0.0463636   0.738434   0.713365   0.725683
     45096  0.0151515   0.813712   0.672424   0.736352
     38092       0.05   0.766574   0.722256   0.743756
     43074  0.0277778   0.685637   0.514577   0.587917
     16077  0.0371717   0.693038   0.422074   0.524635
     86000       0.02   0.851509     0.4661   0.602437
    101085       0.05   0.772173   0.715511   0.742763
     89072       0.03   0.814539   0.455713   0.584444
    126007       0.02   0.915467   0.557083   0.692664
     76053       0.02   0.756244   0.536942   0.627998
     86016  0.0369697   0.616505   0.516019   0.561804
    103070  0.0252525   0.743391   0.474439   0.579217
      8023       0.01   0.985649   0.193945   0.324115
     41033       0.05   0.605995   0.627856   0.616732
    109053  0.0242424   0.795367    0.38718   0.520825
    130026       0.08   0.349418    0.55647   0.429282
    108082  0.0318182   0.635277   0.211955   0.317859
     69040          0          1   0.319512   0.484288
     14037  0.0285859   0.682985   0.628488   0.654604
     54082       0.01   0.874425   0.586505   0.702094
     62096       0.11   0.656686   0.806697   0.724003
     12084       0.02    0.93907   0.307092    0.46283
     69015  0.0251515   0.802698   0.724526   0.761611
     97033  0.0352525   0.900958   0.426358   0.578808
     19021  0.0319192   0.821647    0.67253   0.739647
     86068  0.0369697   0.571785     0.2847   0.380129
      3096       0.03   0.729336   0.740349   0.734801
     41069       0.05   0.552867   0.373443   0.445778
     21077  0.0394949   0.815198   0.628452   0.709747
    108070          0          1   0.230724    0.37494
    123074  0.0538384   0.497496   0.423009   0.457239
     38082  0.0221212   0.834372   0.513409   0.635673
     33039  0.0683838    0.62246   0.456631   0.526804
    108005  0.0248485   0.756811   0.402332    0.52537
    106024  0.0367677    0.68082   0.516734   0.587536
    102061  0.0350505   0.715306    0.36269   0.481327
     37073  0.0182828   0.879002   0.855017   0.866844
     65033  0.0330303   0.654099   0.542795   0.593272
     55073  0.0323232   0.694492   0.532093   0.602541
     66053  0.0305051   0.681776    0.57288   0.622602
     85048  0.0529293    0.72158   0.601955   0.656362
     42012       0.01   0.863996   0.486401   0.622407
     87046  0.0467677   0.730191   0.447851   0.555187
    105025  0.0479798   0.708426   0.368053   0.484428
    101087  0.0348485   0.787194   0.795287    0.79122
     69020   0.039899   0.682407   0.607869   0.642985
